[gd_scene load_steps=3 format=3 uid="uid://dloseiacr07g8"]

[ext_resource type="ArrayMesh" uid="uid://ch6q4y6u6b3pn" path="res://Assets/Meshes/City_SM_Prop_Billboard_Roof_16.res" id="1_u6nh2"]

[sub_resource type="BoxShape3D" id="BoxShape3D_1vvwi"]
size = Vector3(4.38546, 0.0760388, 0.650371)

[node name="SM_Prop_Billboard_Roof_13" type="MeshInstance3D"]
mesh = ExtResource("1_u6nh2")
skeleton = NodePath("")

[node name="StaticBody3D" type="StaticBody3D" parent="."]

[node name="CollisionShape3D" type="CollisionShape3D" parent="StaticBody3D"]
transform = Transform3D(1, 0, 0, 0, 1, 0, 0, 0, 1, 0, 1.82945, 0.152499)
shape = SubResource("BoxShape3D_1vvwi")

[node name="CollisionShape3D2" type="CollisionShape3D" parent="StaticBody3D"]
transform = Transform3D(1, 0, 0, 0, 1, 0, 0, 0, 1, 0, 0.756887, 0.317518)
shape = SubResource("BoxShape3D_1vvwi")

[node name="SpotLight3D" type="SpotLight3D" parent="."]
transform = Transform3D(1, 0, 0, 0, 0.457626, 0.889145, 0, -0.889145, 0.457626, -1.61655, 2.86517, 0.656043)
spot_range = 2.5
spot_angle = 43.65

[node name="SpotLight3D2" type="SpotLight3D" parent="."]
transform = Transform3D(1, 0, 0, 0, 0.457626, 0.889145, 0, -0.889145, 0.457626, -0.697116, 2.86517, 0.656043)
spot_range = 2.5
spot_angle = 43.65

[node name="SpotLight3D3" type="SpotLight3D" parent="."]
transform = Transform3D(1, 0, 0, 0, 0.457626, 0.889145, 0, -0.889145, 0.457626, 0.697598, 2.86517, 0.656043)
spot_range = 2.5
spot_angle = 43.65

[node name="SpotLight3D4" type="SpotLight3D" parent="."]
transform = Transform3D(1, 0, 0, 0, 0.457626, 0.889145, 0, -0.889145, 0.457626, 1.58482, 2.86517, 0.656043)
spot_range = 2.5
spot_angle = 43.65
